超体积									
iNSGA-III 0.5982625 0.6883 0.731875 0.7540625 0.7661 0.7718625 0.7775375 0.78295 0.7871125 0.7910875
NSGA-III 0.5915	0.6613875 0.6909375 0.7038 0.715725 0.7199625 0.7226 0.727125 0.7276 0.7296875
MOCQPSO	0.3640875 0.40225 0.4316375 0.4505875 0.469825 0.4835875 0.5362875 0.5652625 0.57485 0.578575
PAEDA 0.4633875	0.543075 0.5842	0.6043875 0.6197125 0.6265375 0.6321 0.63665 0.6421125 0.6466875
										
ɛ指标										
iNSGA-III 0.4787875 0.403325 0.369025 0.3525 0.3388625 0.33955 0.3247 0.3244375 0.3177125 0.3115625
NSGA-III 0.4771625 0.4177 0.3870625 0.3781625 0.3701 0.367525 0.3710875 0.3664375 0.3656 0.364425
MOCQPSO	0.6872125 0.655425 0.6320125 0.6212875 0.604725 0.5914 0.545975 0.517875 0.507725 0.5056625
PAEDA 0.60175 0.538175 0.4957375 0.47875 0.4602875 0.45545 0.445275 0.4427 0.440175 0.4351875